rebuild init EM1 EM1a EM1b EM2 EM3
rebuild 20 init 25 0.96 0.310810810810811 0.108 0.148 0.176
rebuild 35 init 25 0.932 0.336 0.14 0.136 0.188
rebuild 50 init 25 0.952 0.292 0.152 0.196 0.196
rebuild 20 init 50 0.972 0.724 0.492 0.152 0.184
rebuild 35 init 50 0.964 0.764 0.468 0.176 0.128
rebuild 50 init 50 0.952 0.72 0.508 0.216 0.148
rebuild 20 init 75 0.944 0.86 0.876 0.176 0.216
rebuild 35 init 75 0.944 0.9 0.872 0.16 0.148
rebuild 50 init 75 0.944 0.908 0.86 0.196 0.204
rebuild 20 init 100 0.956 0.956 0.956 0.124 0.22
rebuild 35 init 100 0.964 0.964 0.964 0.108 0.248
rebuild 50 init 100 0.972 0.972 0.972 0.152 0.256
