rebuild init EM1 EM1a EM1b EM2 EM3
rebuild 20 init 25 0.963855421686747 0.294392523364486 0.188 0.148 0.204
rebuild 35 init 25 0.936 0.272 0.152 0.136 0.22
rebuild 50 init 25 0.952 0.28 0.144 0.236 0.24
rebuild 20 init 50 0.948 0.776 0.572 0.148 0.204
rebuild 35 init 50 0.96 0.752 0.584 0.148 0.188
rebuild 50 init 50 0.936 0.764 0.552 0.204 0.236
rebuild 20 init 75 0.948 0.932 0.868 0.18 0.208
rebuild 35 init 75 0.948 0.884 0.916 0.224 0.288
rebuild 50 init 75 0.952 0.932 0.876 0.236 0.228
rebuild 20 init 100 0.952 0.952 0.952 0.152 0.284
rebuild 35 init 100 0.964 0.964 0.964 0.176 0.236
rebuild 50 init 100 0.952 0.952 0.952 0.24 0.288
