rebuild init EM1 EM1a EM1b EM2 EM3
rebuild 20 init 25 0.952 0.251141552511416 0.116 0.132 0.132
rebuild 35 init 25 0.956 0.3 0.168 0.168 0.172
rebuild 50 init 25 0.936 0.324 0.152 0.2 0.232
rebuild 20 init 50 0.964 0.728 0.54 0.124 0.156
rebuild 35 init 50 0.96 0.704 0.472 0.16 0.152
rebuild 50 init 50 0.948 0.708 0.476 0.188 0.16
rebuild 20 init 75 0.976 0.932 0.868 0.136 0.196
rebuild 35 init 75 0.968 0.932 0.872 0.156 0.164
rebuild 50 init 75 0.928 0.884 0.82 0.196 0.164
rebuild 20 init 100 0.976 0.976 0.976 0.132 0.22
rebuild 35 init 100 0.976 0.976 0.976 0.16 0.196
rebuild 50 init 100 0.964 0.964 0.964 0.252 0.212
